(100, 2487.05) +- (22.3653191347675,22.3653191347675)
(200, 9980.45) +- (45.6734879333734,45.6734879333734)
(300, 22467.375) +- (72.3140676148148,72.3140676148148)
(400, 39950.59) +- (90.1288072704837,90.1288072704837)
(500, 62437.185) +- (116.089968451197,116.089968451197)
(750, 140917.44) +- (165.597966171086,165.597966171086)
(1000, 249914.535) +- (225.910178555549,225.910178555549)
(2000, 999746.955) +- (480.686460153602,480.686460153602)
(3000, 2249659.26) +- (724.929543059185,724.929543059185)
(4000, 3999479.825) +- (983.678338876586,983.678338876586)
(5000, 6249303.08) +- (1182.61043611157,1182.61043611157)
(6000, 8999323.515) +- (1435.22032098734,1435.22032098734)
(7000, 12249341.38) +- (1857.47349526178,1857.47349526178)
(8000, 15998974.255) +- (1811.96749142334,1811.96749142334)
(9000, 20248839.015) +- (2147.59163128724,2147.59163128724)
(10000, 24998615.29) +- (2192.51952691418,2192.51952691418)
